{
 "cells": [
  {
   "cell_type": "markdown",
   "id": "9044bc3e",
   "metadata": {},
   "source": [
    "#         **Sentiment Analysis:**\n",
    "   - Perform sentiment analysis on book synopsis to identify positive and negative sentiments.\n",
    "   - Analyze sentiment trends for different genres or authors.\n",
    "   - Investigate correlations between sentiment scores and other variables like ratings and reviews."
   ]
  },
  {
   "cell_type": "code",
   "execution_count": 47,
   "id": "8ad53ec3",
   "metadata": {},
   "outputs": [],
   "source": [
    "# Import libraries\n",
    "\n",
    "import pandas as pd\n",
    "import numpy as np\n",
    "import matplotlib.pyplot as plt\n",
    "import seaborn as sns"
   ]
  },
  {
   "cell_type": "code",
   "execution_count": 48,
   "id": "5112d25b",
   "metadata": {},
   "outputs": [
    {
     "data": {
      "text/html": [
       "<div>\n",
       "<style scoped>\n",
       "    .dataframe tbody tr th:only-of-type {\n",
       "        vertical-align: middle;\n",
       "    }\n",
       "\n",
       "    .dataframe tbody tr th {\n",
       "        vertical-align: top;\n",
       "    }\n",
       "\n",
       "    .dataframe thead th {\n",
       "        text-align: right;\n",
       "    }\n",
       "</style>\n",
       "<table border=\"1\" class=\"dataframe\">\n",
       "  <thead>\n",
       "    <tr style=\"text-align: right;\">\n",
       "      <th></th>\n",
       "      <th>title</th>\n",
       "      <th>author</th>\n",
       "      <th>stars</th>\n",
       "      <th>ratings</th>\n",
       "      <th>reviews</th>\n",
       "      <th>synopsis</th>\n",
       "      <th>genre</th>\n",
       "      <th>version</th>\n",
       "      <th>price</th>\n",
       "      <th>number_of_pages</th>\n",
       "      <th>book_format</th>\n",
       "      <th>published_date</th>\n",
       "      <th>published_year</th>\n",
       "      <th>num_books_author</th>\n",
       "      <th>followers_author</th>\n",
       "    </tr>\n",
       "  </thead>\n",
       "  <tbody>\n",
       "    <tr>\n",
       "      <th>0</th>\n",
       "      <td>The Hunger Games</td>\n",
       "      <td>SUZANNE COLLINS</td>\n",
       "      <td>4.34</td>\n",
       "      <td>8601389</td>\n",
       "      <td>216773</td>\n",
       "      <td>Could you survive on your own in the wild, wit...</td>\n",
       "      <td>Young Adult</td>\n",
       "      <td>Kindle Unlimited</td>\n",
       "      <td>0.00</td>\n",
       "      <td>374</td>\n",
       "      <td>Hardcover</td>\n",
       "      <td>September 14, 2008</td>\n",
       "      <td>2008</td>\n",
       "      <td>72</td>\n",
       "      <td>997000</td>\n",
       "    </tr>\n",
       "    <tr>\n",
       "      <th>1</th>\n",
       "      <td>Harry Potter and the Order of the Phoenix</td>\n",
       "      <td>J.K. ROWLING</td>\n",
       "      <td>4.50</td>\n",
       "      <td>3359608</td>\n",
       "      <td>62879</td>\n",
       "      <td>Harry Potter is about to start his fifth year ...</td>\n",
       "      <td>Young Adult</td>\n",
       "      <td>Kindle Unlimited</td>\n",
       "      <td>0.00</td>\n",
       "      <td>912</td>\n",
       "      <td>Paperback</td>\n",
       "      <td>June 21, 2003</td>\n",
       "      <td>2003</td>\n",
       "      <td>535</td>\n",
       "      <td>225000</td>\n",
       "    </tr>\n",
       "    <tr>\n",
       "      <th>2</th>\n",
       "      <td>Pride and Prejudice</td>\n",
       "      <td>JANE AUSTEN</td>\n",
       "      <td>4.29</td>\n",
       "      <td>4238613</td>\n",
       "      <td>113179</td>\n",
       "      <td>Since its immediate success in 1813, Pride and...</td>\n",
       "      <td>Classics</td>\n",
       "      <td>Kindle</td>\n",
       "      <td>2.99</td>\n",
       "      <td>279</td>\n",
       "      <td>Paperback</td>\n",
       "      <td>January 28, 1813</td>\n",
       "      <td>1813</td>\n",
       "      <td>4124</td>\n",
       "      <td>663000</td>\n",
       "    </tr>\n",
       "    <tr>\n",
       "      <th>3</th>\n",
       "      <td>To Kill a Mockingbird</td>\n",
       "      <td>HARPER LEE</td>\n",
       "      <td>4.26</td>\n",
       "      <td>6079471</td>\n",
       "      <td>116454</td>\n",
       "      <td>The unforgettable novel of a childhood in a sl...</td>\n",
       "      <td>Classics</td>\n",
       "      <td>Kindle</td>\n",
       "      <td>13.99</td>\n",
       "      <td>323</td>\n",
       "      <td>Paperback</td>\n",
       "      <td>July 11, 1960</td>\n",
       "      <td>1960</td>\n",
       "      <td>70</td>\n",
       "      <td>135000</td>\n",
       "    </tr>\n",
       "    <tr>\n",
       "      <th>4</th>\n",
       "      <td>The Book Thief</td>\n",
       "      <td>MARKUS ZUSAK</td>\n",
       "      <td>4.39</td>\n",
       "      <td>2538383</td>\n",
       "      <td>143787</td>\n",
       "      <td>Librarian's note: An alternate cover edition c...</td>\n",
       "      <td>Historical</td>\n",
       "      <td>Kindle</td>\n",
       "      <td>10.99</td>\n",
       "      <td>592</td>\n",
       "      <td>Hardcover</td>\n",
       "      <td>September 1, 2005</td>\n",
       "      <td>2005</td>\n",
       "      <td>23</td>\n",
       "      <td>392000</td>\n",
       "    </tr>\n",
       "  </tbody>\n",
       "</table>\n",
       "</div>"
      ],
      "text/plain": [
       "                                       title           author  stars  ratings  \\\n",
       "0                           The Hunger Games  SUZANNE COLLINS   4.34  8601389   \n",
       "1  Harry Potter and the Order of the Phoenix     J.K. ROWLING   4.50  3359608   \n",
       "2                        Pride and Prejudice      JANE AUSTEN   4.29  4238613   \n",
       "3                      To Kill a Mockingbird       HARPER LEE   4.26  6079471   \n",
       "4                             The Book Thief     MARKUS ZUSAK   4.39  2538383   \n",
       "\n",
       "   reviews                                           synopsis        genre  \\\n",
       "0   216773  Could you survive on your own in the wild, wit...  Young Adult   \n",
       "1    62879  Harry Potter is about to start his fifth year ...  Young Adult   \n",
       "2   113179  Since its immediate success in 1813, Pride and...     Classics   \n",
       "3   116454  The unforgettable novel of a childhood in a sl...     Classics   \n",
       "4   143787  Librarian's note: An alternate cover edition c...   Historical   \n",
       "\n",
       "            version  price  number_of_pages book_format      published_date  \\\n",
       "0  Kindle Unlimited   0.00              374   Hardcover  September 14, 2008   \n",
       "1  Kindle Unlimited   0.00              912   Paperback       June 21, 2003   \n",
       "2            Kindle   2.99              279   Paperback    January 28, 1813   \n",
       "3            Kindle  13.99              323   Paperback       July 11, 1960   \n",
       "4            Kindle  10.99              592   Hardcover   September 1, 2005   \n",
       "\n",
       "   published_year  num_books_author  followers_author  \n",
       "0            2008                72            997000  \n",
       "1            2003               535            225000  \n",
       "2            1813              4124            663000  \n",
       "3            1960                70            135000  \n",
       "4            2005                23            392000  "
      ]
     },
     "execution_count": 48,
     "metadata": {},
     "output_type": "execute_result"
    }
   ],
   "source": [
    "books_sent = pd.read_csv('books_final.csv')\n",
    "books_sent.head()"
   ]
  },
  {
   "cell_type": "markdown",
   "id": "0abb5d16",
   "metadata": {},
   "source": [
    "### 1 Preprocessing the Text:"
   ]
  },
  {
   "cell_type": "code",
   "execution_count": 49,
   "id": "93f7ef9a",
   "metadata": {},
   "outputs": [],
   "source": [
    "import nltk\n",
    "from nltk.corpus import stopwords\n",
    "from nltk.tokenize import word_tokenize\n",
    "from nltk.stem import WordNetLemmatizer\n",
    "import re\n",
    "\n",
    "# Initialize the WordNet Lemmatizer\n",
    "lemmatizer = WordNetLemmatizer()\n",
    "\n",
    "# Define a function for text preprocessing\n",
    "def preprocess_text(text):\n",
    "    # Convert text to lowercase\n",
    "    text = text.lower()\n",
    "    \n",
    "    # Remove special characters and numbers using regular expressions\n",
    "    text = re.sub(r'[^a-zA-Z\\s]', '', text)\n",
    "    \n",
    "    # Tokenize the text into words\n",
    "    words = word_tokenize(text)\n",
    "    \n",
    "    # Remove stopwords\n",
    "    stop_words = set(stopwords.words('english'))\n",
    "    words = [word for word in words if word not in stop_words]\n",
    "    \n",
    "    # Lemmatize the words\n",
    "    words = [lemmatizer.lemmatize(word) for word in words]\n",
    "    \n",
    "    # Join the words back into a single string\n",
    "    preprocessed_text = ' '.join(words)\n",
    "    \n",
    "    return preprocessed_text\n",
    "\n",
    "# Apply the preprocessing function to clean the text data\n",
    "books_sent['clean_synopsis'] = books_sent['synopsis'].apply(preprocess_text)"
   ]
  },
  {
   "cell_type": "code",
   "execution_count": 50,
   "id": "3bdff0f4",
   "metadata": {},
   "outputs": [
    {
     "data": {
      "text/plain": [
       "0       could survive wild every one make sure dont li...\n",
       "1       harry potter start fifth year hogwarts school ...\n",
       "2       since immediate success pride prejudice remain...\n",
       "3       unforgettable novel childhood sleepy southern ...\n",
       "4       librarian note alternate cover edition found n...\n",
       "                              ...                        \n",
       "6838    tiro confidential secretary slave roman senato...\n",
       "6839    born great power greatest superpower isnt part...\n",
       "6840    yukito kishiro blur line human machine scifiac...\n",
       "6841    rohinton mistrys enthralling novel domestic dr...\n",
       "6842    billy milligan anyone want except control acti...\n",
       "Name: clean_synopsis, Length: 6843, dtype: object"
      ]
     },
     "execution_count": 50,
     "metadata": {},
     "output_type": "execute_result"
    }
   ],
   "source": [
    "books_sent['clean_synopsis']"
   ]
  },
  {
   "cell_type": "markdown",
   "id": "1cfdf236",
   "metadata": {},
   "source": [
    "### 2 Sentiment Analysis on Book Synopses:"
   ]
  },
  {
   "cell_type": "code",
   "execution_count": 51,
   "id": "579e47c6",
   "metadata": {},
   "outputs": [
    {
     "data": {
      "text/plain": [
       "0       0.101623\n",
       "1       0.033434\n",
       "2       0.509524\n",
       "3       0.165741\n",
       "4       0.063029\n",
       "          ...   \n",
       "6838    0.145123\n",
       "6839    0.202963\n",
       "6840    0.040000\n",
       "6841   -0.010000\n",
       "6842   -0.006818\n",
       "Name: synopsis_sentiment, Length: 6843, dtype: float64"
      ]
     },
     "execution_count": 51,
     "metadata": {},
     "output_type": "execute_result"
    }
   ],
   "source": [
    "# performing sentiment analysis using the TextBlob library. \n",
    "\n",
    "from textblob import TextBlob\n",
    "\n",
    "# Define a function to perform sentiment analysis on a single synopsis\n",
    "def analyze_sentiment(synopsis):\n",
    "    # Perform sentiment analysis using TextBlob\n",
    "    blob = TextBlob(synopsis)\n",
    "    sentiment_score = blob.sentiment.polarity\n",
    "    return sentiment_score\n",
    "\n",
    "# Apply sentiment analysis function to the \"synopsis\" column\n",
    "books_sent['synopsis_sentiment'] = books_sent['synopsis'].apply(analyze_sentiment)\n",
    "books_sent['synopsis_sentiment']\n"
   ]
  },
  {
   "cell_type": "code",
   "execution_count": 52,
   "id": "756a951a",
   "metadata": {},
   "outputs": [
    {
     "data": {
      "text/html": [
       "<div>\n",
       "<style scoped>\n",
       "    .dataframe tbody tr th:only-of-type {\n",
       "        vertical-align: middle;\n",
       "    }\n",
       "\n",
       "    .dataframe tbody tr th {\n",
       "        vertical-align: top;\n",
       "    }\n",
       "\n",
       "    .dataframe thead th {\n",
       "        text-align: right;\n",
       "    }\n",
       "</style>\n",
       "<table border=\"1\" class=\"dataframe\">\n",
       "  <thead>\n",
       "    <tr style=\"text-align: right;\">\n",
       "      <th></th>\n",
       "      <th>synopsis</th>\n",
       "      <th>synopsis_sentiment</th>\n",
       "    </tr>\n",
       "  </thead>\n",
       "  <tbody>\n",
       "    <tr>\n",
       "      <th>0</th>\n",
       "      <td>Could you survive on your own in the wild, wit...</td>\n",
       "      <td>0.101623</td>\n",
       "    </tr>\n",
       "    <tr>\n",
       "      <th>1</th>\n",
       "      <td>Harry Potter is about to start his fifth year ...</td>\n",
       "      <td>0.033434</td>\n",
       "    </tr>\n",
       "    <tr>\n",
       "      <th>2</th>\n",
       "      <td>Since its immediate success in 1813, Pride and...</td>\n",
       "      <td>0.509524</td>\n",
       "    </tr>\n",
       "    <tr>\n",
       "      <th>3</th>\n",
       "      <td>The unforgettable novel of a childhood in a sl...</td>\n",
       "      <td>0.165741</td>\n",
       "    </tr>\n",
       "    <tr>\n",
       "      <th>4</th>\n",
       "      <td>Librarian's note: An alternate cover edition c...</td>\n",
       "      <td>0.063029</td>\n",
       "    </tr>\n",
       "    <tr>\n",
       "      <th>5</th>\n",
       "      <td>About three things I was absolutely positive.\\...</td>\n",
       "      <td>0.195455</td>\n",
       "    </tr>\n",
       "    <tr>\n",
       "      <th>6</th>\n",
       "      <td>Librarian's note: There is an Alternate Cover ...</td>\n",
       "      <td>-0.064286</td>\n",
       "    </tr>\n",
       "    <tr>\n",
       "      <th>7</th>\n",
       "      <td>This four-volume, boxed set contains J.R.R. To...</td>\n",
       "      <td>0.313413</td>\n",
       "    </tr>\n",
       "    <tr>\n",
       "      <th>8</th>\n",
       "      <td>Librarian note: An alternate cover for this ed...</td>\n",
       "      <td>0.289444</td>\n",
       "    </tr>\n",
       "    <tr>\n",
       "      <th>9</th>\n",
       "      <td>Despite the tumor-shrinking medical miracle th...</td>\n",
       "      <td>0.147210</td>\n",
       "    </tr>\n",
       "  </tbody>\n",
       "</table>\n",
       "</div>"
      ],
      "text/plain": [
       "                                            synopsis  synopsis_sentiment\n",
       "0  Could you survive on your own in the wild, wit...            0.101623\n",
       "1  Harry Potter is about to start his fifth year ...            0.033434\n",
       "2  Since its immediate success in 1813, Pride and...            0.509524\n",
       "3  The unforgettable novel of a childhood in a sl...            0.165741\n",
       "4  Librarian's note: An alternate cover edition c...            0.063029\n",
       "5  About three things I was absolutely positive.\\...            0.195455\n",
       "6  Librarian's note: There is an Alternate Cover ...           -0.064286\n",
       "7  This four-volume, boxed set contains J.R.R. To...            0.313413\n",
       "8  Librarian note: An alternate cover for this ed...            0.289444\n",
       "9  Despite the tumor-shrinking medical miracle th...            0.147210"
      ]
     },
     "execution_count": 52,
     "metadata": {},
     "output_type": "execute_result"
    }
   ],
   "source": [
    "# Display the DataFrame with sentiment scores\n",
    "\n",
    "books_sent[['synopsis', 'synopsis_sentiment']].head(10)"
   ]
  },
  {
   "cell_type": "markdown",
   "id": "43634990",
   "metadata": {},
   "source": [
    "- Positive values indicate positive sentiment, negative values indicate negative sentiment, and values around 0 indicate neutral sentiment."
   ]
  },
  {
   "cell_type": "code",
   "execution_count": 53,
   "id": "b7d37b57",
   "metadata": {},
   "outputs": [
    {
     "data": {
      "text/plain": [
       "[{'neg': 0.129, 'neu': 0.787, 'pos': 0.084, 'compound': -0.6486},\n",
       " {'neg': 0.117, 'neu': 0.762, 'pos': 0.121, 'compound': 0.1403},\n",
       " {'neg': 0.025, 'neu': 0.564, 'pos': 0.411, 'compound': 0.9938},\n",
       " {'neg': 0.139, 'neu': 0.648, 'pos': 0.213, 'compound': 0.891},\n",
       " {'neg': 0.093, 'neu': 0.881, 'pos': 0.026, 'compound': -0.8708},\n",
       " {'neg': 0.0, 'neu': 0.824, 'pos': 0.176, 'compound': 0.8439},\n",
       " {'neg': 0.129, 'neu': 0.652, 'pos': 0.219, 'compound': 0.93},\n",
       " {'neg': 0.02, 'neu': 0.823, 'pos': 0.158, 'compound': 0.9739},\n",
       " {'neg': 0.017, 'neu': 0.823, 'pos': 0.159, 'compound': 0.984},\n",
       " {'neg': 0.14, 'neu': 0.529, 'pos': 0.331, 'compound': 0.9788},\n",
       " {'neg': 0.159, 'neu': 0.65, 'pos': 0.191, 'compound': 0.376},\n",
       " {'neg': 0.028, 'neu': 0.743, 'pos': 0.23, 'compound': 0.9799},\n",
       " {'neg': 0.08, 'neu': 0.825, 'pos': 0.095, 'compound': 0.1531},\n",
       " {'neg': 0.051, 'neu': 0.796, 'pos': 0.153, 'compound': 0.9757},\n",
       " {'neg': 0.074, 'neu': 0.715, 'pos': 0.211, 'compound': 0.9859},\n",
       " {'neg': 0.092, 'neu': 0.732, 'pos': 0.176, 'compound': 0.91},\n",
       " {'neg': 0.128, 'neu': 0.779, 'pos': 0.093, 'compound': -0.9127},\n",
       " {'neg': 0.0, 'neu': 0.735, 'pos': 0.265, 'compound': 0.9859},\n",
       " {'neg': 0.024, 'neu': 0.831, 'pos': 0.145, 'compound': 0.9579},\n",
       " {'neg': 0.135, 'neu': 0.821, 'pos': 0.044, 'compound': -0.9202},\n",
       " {'neg': 0.0, 'neu': 0.966, 'pos': 0.034, 'compound': 0.34},\n",
       " {'neg': 0.146, 'neu': 0.742, 'pos': 0.112, 'compound': -0.7451},\n",
       " {'neg': 0.0, 'neu': 0.722, 'pos': 0.278, 'compound': 0.9798},\n",
       " {'neg': 0.095, 'neu': 0.758, 'pos': 0.147, 'compound': 0.8421},\n",
       " {'neg': 0.169, 'neu': 0.669, 'pos': 0.161, 'compound': -0.4588},\n",
       " {'neg': 0.186, 'neu': 0.646, 'pos': 0.168, 'compound': -0.6022},\n",
       " {'neg': 0.087, 'neu': 0.688, 'pos': 0.225, 'compound': 0.9455},\n",
       " {'neg': 0.018, 'neu': 0.815, 'pos': 0.167, 'compound': 0.9625},\n",
       " {'neg': 0.13, 'neu': 0.782, 'pos': 0.088, 'compound': -0.5353},\n",
       " {'neg': 0.054, 'neu': 0.846, 'pos': 0.1, 'compound': 0.8441},\n",
       " {'neg': 0.083, 'neu': 0.774, 'pos': 0.143, 'compound': 0.9745},\n",
       " {'neg': 0.073, 'neu': 0.811, 'pos': 0.116, 'compound': 0.9001},\n",
       " {'neg': 0.184, 'neu': 0.761, 'pos': 0.055, 'compound': -0.9897},\n",
       " {'neg': 0.023, 'neu': 0.754, 'pos': 0.223, 'compound': 0.9865},\n",
       " {'neg': 0.0, 'neu': 0.711, 'pos': 0.289, 'compound': 0.9642},\n",
       " {'neg': 0.059, 'neu': 0.79, 'pos': 0.15, 'compound': 0.9678},\n",
       " {'neg': 0.102, 'neu': 0.863, 'pos': 0.035, 'compound': -0.8989},\n",
       " {'neg': 0.109, 'neu': 0.767, 'pos': 0.124, 'compound': 0.8316},\n",
       " {'neg': 0.043, 'neu': 0.698, 'pos': 0.258, 'compound': 0.886},\n",
       " {'neg': 0.059, 'neu': 0.773, 'pos': 0.168, 'compound': 0.9716},\n",
       " {'neg': 0.189, 'neu': 0.64, 'pos': 0.171, 'compound': -0.6096},\n",
       " {'neg': 0.088, 'neu': 0.845, 'pos': 0.067, 'compound': -0.229},\n",
       " {'neg': 0.155, 'neu': 0.532, 'pos': 0.313, 'compound': 0.9864},\n",
       " {'neg': 0.09, 'neu': 0.737, 'pos': 0.173, 'compound': 0.9136},\n",
       " {'neg': 0.235, 'neu': 0.689, 'pos': 0.077, 'compound': -0.9942},\n",
       " {'neg': 0.12, 'neu': 0.811, 'pos': 0.07, 'compound': -0.8555},\n",
       " {'neg': 0.109, 'neu': 0.733, 'pos': 0.158, 'compound': 0.827},\n",
       " {'neg': 0.154, 'neu': 0.752, 'pos': 0.094, 'compound': -0.8265},\n",
       " {'neg': 0.104, 'neu': 0.761, 'pos': 0.135, 'compound': 0.5118},\n",
       " {'neg': 0.02, 'neu': 0.824, 'pos': 0.156, 'compound': 0.891},\n",
       " {'neg': 0.089, 'neu': 0.802, 'pos': 0.109, 'compound': -0.0297},\n",
       " {'neg': 0.089, 'neu': 0.729, 'pos': 0.182, 'compound': 0.9463},\n",
       " {'neg': 0.02, 'neu': 0.876, 'pos': 0.105, 'compound': 0.8718},\n",
       " {'neg': 0.114, 'neu': 0.647, 'pos': 0.239, 'compound': 0.7003},\n",
       " {'neg': 0.125, 'neu': 0.674, 'pos': 0.201, 'compound': 0.8074},\n",
       " {'neg': 0.094, 'neu': 0.797, 'pos': 0.109, 'compound': 0.1027},\n",
       " {'neg': 0.06, 'neu': 0.94, 'pos': 0.0, 'compound': -0.3612},\n",
       " {'neg': 0.115, 'neu': 0.796, 'pos': 0.089, 'compound': -0.2732},\n",
       " {'neg': 0.0, 'neu': 0.787, 'pos': 0.213, 'compound': 0.9837},\n",
       " {'neg': 0.0, 'neu': 0.917, 'pos': 0.083, 'compound': 0.5574},\n",
       " {'neg': 0.074, 'neu': 0.834, 'pos': 0.092, 'compound': 0.2247},\n",
       " {'neg': 0.092, 'neu': 0.685, 'pos': 0.223, 'compound': 0.9561},\n",
       " {'neg': 0.1, 'neu': 0.753, 'pos': 0.147, 'compound': 0.3818},\n",
       " {'neg': 0.128, 'neu': 0.783, 'pos': 0.089, 'compound': -0.8708},\n",
       " {'neg': 0.034, 'neu': 0.778, 'pos': 0.188, 'compound': 0.9808},\n",
       " {'neg': 0.245, 'neu': 0.69, 'pos': 0.065, 'compound': -0.9684},\n",
       " {'neg': 0.084, 'neu': 0.81, 'pos': 0.106, 'compound': -0.0056},\n",
       " {'neg': 0.142, 'neu': 0.712, 'pos': 0.146, 'compound': 0.3973},\n",
       " {'neg': 0.089, 'neu': 0.782, 'pos': 0.128, 'compound': 0.6369},\n",
       " {'neg': 0.137, 'neu': 0.783, 'pos': 0.08, 'compound': -0.9468},\n",
       " {'neg': 0.124, 'neu': 0.694, 'pos': 0.182, 'compound': 0.9709},\n",
       " {'neg': 0.0, 'neu': 0.891, 'pos': 0.109, 'compound': 0.891},\n",
       " {'neg': 0.06, 'neu': 0.727, 'pos': 0.213, 'compound': 0.9258},\n",
       " {'neg': 0.096, 'neu': 0.815, 'pos': 0.088, 'compound': -0.1779},\n",
       " {'neg': 0.12, 'neu': 0.854, 'pos': 0.026, 'compound': -0.9418},\n",
       " {'neg': 0.103, 'neu': 0.702, 'pos': 0.195, 'compound': 0.9396},\n",
       " {'neg': 0.125, 'neu': 0.81, 'pos': 0.065, 'compound': -0.7906},\n",
       " {'neg': 0.09, 'neu': 0.749, 'pos': 0.161, 'compound': 0.7783},\n",
       " {'neg': 0.061, 'neu': 0.681, 'pos': 0.258, 'compound': 0.9905},\n",
       " {'neg': 0.188, 'neu': 0.66, 'pos': 0.152, 'compound': -0.5574},\n",
       " {'neg': 0.049, 'neu': 0.847, 'pos': 0.104, 'compound': 0.6808},\n",
       " {'neg': 0.054, 'neu': 0.748, 'pos': 0.198, 'compound': 0.9914},\n",
       " {'neg': 0.053, 'neu': 0.758, 'pos': 0.189, 'compound': 0.9501},\n",
       " {'neg': 0.056, 'neu': 0.709, 'pos': 0.235, 'compound': 0.9774},\n",
       " {'neg': 0.207, 'neu': 0.662, 'pos': 0.13, 'compound': -0.7964},\n",
       " {'neg': 0.096, 'neu': 0.704, 'pos': 0.2, 'compound': 0.9657},\n",
       " {'neg': 0.091, 'neu': 0.888, 'pos': 0.021, 'compound': -0.973},\n",
       " {'neg': 0.269, 'neu': 0.592, 'pos': 0.139, 'compound': -0.9704},\n",
       " {'neg': 0.167, 'neu': 0.684, 'pos': 0.148, 'compound': -0.2732},\n",
       " {'neg': 0.107, 'neu': 0.734, 'pos': 0.159, 'compound': 0.7317},\n",
       " {'neg': 0.107, 'neu': 0.799, 'pos': 0.094, 'compound': -0.4854},\n",
       " {'neg': 0.0, 'neu': 0.716, 'pos': 0.284, 'compound': 0.9485},\n",
       " {'neg': 0.116, 'neu': 0.715, 'pos': 0.169, 'compound': 0.9218},\n",
       " {'neg': 0.176, 'neu': 0.764, 'pos': 0.059, 'compound': -0.9311},\n",
       " {'neg': 0.0, 'neu': 0.797, 'pos': 0.203, 'compound': 0.8122},\n",
       " {'neg': 0.092, 'neu': 0.772, 'pos': 0.137, 'compound': 0.9504},\n",
       " {'neg': 0.058, 'neu': 0.791, 'pos': 0.151, 'compound': 0.908},\n",
       " {'neg': 0.06, 'neu': 0.886, 'pos': 0.054, 'compound': 0.1027},\n",
       " {'neg': 0.11, 'neu': 0.795, 'pos': 0.095, 'compound': -0.2263},\n",
       " {'neg': 0.07, 'neu': 0.843, 'pos': 0.088, 'compound': -0.2263},\n",
       " {'neg': 0.12, 'neu': 0.701, 'pos': 0.18, 'compound': 0.9576},\n",
       " {'neg': 0.064, 'neu': 0.782, 'pos': 0.154, 'compound': 0.9468},\n",
       " {'neg': 0.0, 'neu': 0.8, 'pos': 0.2, 'compound': 0.6705},\n",
       " {'neg': 0.029, 'neu': 0.971, 'pos': 0.0, 'compound': -0.296},\n",
       " {'neg': 0.019, 'neu': 0.981, 'pos': 0.0, 'compound': -0.3094},\n",
       " {'neg': 0.041, 'neu': 0.782, 'pos': 0.177, 'compound': 0.9741},\n",
       " {'neg': 0.152, 'neu': 0.658, 'pos': 0.19, 'compound': 0.5587},\n",
       " {'neg': 0.115, 'neu': 0.803, 'pos': 0.082, 'compound': -0.4077},\n",
       " {'neg': 0.071, 'neu': 0.909, 'pos': 0.02, 'compound': -0.6597},\n",
       " {'neg': 0.08, 'neu': 0.797, 'pos': 0.123, 'compound': 0.5994},\n",
       " {'neg': 0.027, 'neu': 0.832, 'pos': 0.141, 'compound': 0.9412},\n",
       " {'neg': 0.211, 'neu': 0.758, 'pos': 0.031, 'compound': -0.9841},\n",
       " {'neg': 0.07, 'neu': 0.805, 'pos': 0.126, 'compound': 0.7436},\n",
       " {'neg': 0.082, 'neu': 0.743, 'pos': 0.175, 'compound': 0.968},\n",
       " {'neg': 0.104, 'neu': 0.802, 'pos': 0.095, 'compound': -0.2263},\n",
       " {'neg': 0.069, 'neu': 0.78, 'pos': 0.151, 'compound': 0.925},\n",
       " {'neg': 0.069, 'neu': 0.81, 'pos': 0.121, 'compound': 0.7417},\n",
       " {'neg': 0.141, 'neu': 0.838, 'pos': 0.021, 'compound': -0.9719},\n",
       " {'neg': 0.08, 'neu': 0.698, 'pos': 0.221, 'compound': 0.9674},\n",
       " {'neg': 0.06, 'neu': 0.857, 'pos': 0.084, 'compound': 0.6065},\n",
       " {'neg': 0.0, 'neu': 0.686, 'pos': 0.314, 'compound': 0.9392},\n",
       " {'neg': 0.0, 'neu': 0.711, 'pos': 0.289, 'compound': 0.9642},\n",
       " {'neg': 0.0, 'neu': 0.81, 'pos': 0.19, 'compound': 0.9766},\n",
       " {'neg': 0.119, 'neu': 0.637, 'pos': 0.244, 'compound': 0.9667},\n",
       " {'neg': 0.203, 'neu': 0.765, 'pos': 0.032, 'compound': -0.975},\n",
       " {'neg': 0.137, 'neu': 0.83, 'pos': 0.032, 'compound': -0.8934},\n",
       " {'neg': 0.266, 'neu': 0.656, 'pos': 0.079, 'compound': -0.9794},\n",
       " {'neg': 0.129, 'neu': 0.711, 'pos': 0.16, 'compound': 0.5187},\n",
       " {'neg': 0.033, 'neu': 0.884, 'pos': 0.084, 'compound': 0.7783},\n",
       " {'neg': 0.021, 'neu': 0.615, 'pos': 0.365, 'compound': 0.9872},\n",
       " {'neg': 0.009, 'neu': 0.68, 'pos': 0.31, 'compound': 0.9881},\n",
       " {'neg': 0.083, 'neu': 0.827, 'pos': 0.09, 'compound': 0.1761},\n",
       " {'neg': 0.15, 'neu': 0.778, 'pos': 0.072, 'compound': -0.8779},\n",
       " {'neg': 0.056, 'neu': 0.717, 'pos': 0.228, 'compound': 0.9625},\n",
       " {'neg': 0.115, 'neu': 0.811, 'pos': 0.074, 'compound': -0.5933},\n",
       " {'neg': 0.259, 'neu': 0.741, 'pos': 0.0, 'compound': -0.9828},\n",
       " {'neg': 0.163, 'neu': 0.784, 'pos': 0.052, 'compound': -0.8807},\n",
       " {'neg': 0.104, 'neu': 0.741, 'pos': 0.155, 'compound': 0.8475},\n",
       " {'neg': 0.102, 'neu': 0.783, 'pos': 0.116, 'compound': 0.4927},\n",
       " {'neg': 0.097, 'neu': 0.819, 'pos': 0.084, 'compound': -0.3262},\n",
       " {'neg': 0.193, 'neu': 0.771, 'pos': 0.036, 'compound': -0.946},\n",
       " {'neg': 0.034, 'neu': 0.842, 'pos': 0.124, 'compound': 0.8122},\n",
       " {'neg': 0.073, 'neu': 0.681, 'pos': 0.245, 'compound': 0.9824},\n",
       " {'neg': 0.0, 'neu': 0.832, 'pos': 0.168, 'compound': 0.9744},\n",
       " {'neg': 0.145, 'neu': 0.703, 'pos': 0.152, 'compound': 0.1068},\n",
       " {'neg': 0.13, 'neu': 0.828, 'pos': 0.041, 'compound': -0.7184},\n",
       " {'neg': 0.049, 'neu': 0.841, 'pos': 0.11, 'compound': 0.9926},\n",
       " {'neg': 0.175, 'neu': 0.579, 'pos': 0.247, 'compound': 0.8442},\n",
       " {'neg': 0.034, 'neu': 0.853, 'pos': 0.113, 'compound': 0.8429},\n",
       " {'neg': 0.03, 'neu': 0.934, 'pos': 0.036, 'compound': 0.1027},\n",
       " {'neg': 0.167, 'neu': 0.758, 'pos': 0.075, 'compound': -0.9081},\n",
       " {'neg': 0.074, 'neu': 0.801, 'pos': 0.125, 'compound': 0.6705},\n",
       " {'neg': 0.062, 'neu': 0.77, 'pos': 0.168, 'compound': 0.875},\n",
       " {'neg': 0.196, 'neu': 0.626, 'pos': 0.177, 'compound': -0.3467},\n",
       " {'neg': 0.0, 'neu': 0.956, 'pos': 0.044, 'compound': 0.2263},\n",
       " {'neg': 0.034, 'neu': 0.835, 'pos': 0.131, 'compound': 0.9857},\n",
       " {'neg': 0.181, 'neu': 0.65, 'pos': 0.168, 'compound': -0.598},\n",
       " {'neg': 0.059, 'neu': 0.738, 'pos': 0.203, 'compound': 0.992},\n",
       " {'neg': 0.169, 'neu': 0.655, 'pos': 0.176, 'compound': 0.128},\n",
       " {'neg': 0.083, 'neu': 0.788, 'pos': 0.129, 'compound': 0.3612},\n",
       " {'neg': 0.111, 'neu': 0.734, 'pos': 0.155, 'compound': 0.8668},\n",
       " {'neg': 0.095, 'neu': 0.73, 'pos': 0.175, 'compound': 0.9868},\n",
       " {'neg': 0.118, 'neu': 0.719, 'pos': 0.163, 'compound': 0.954},\n",
       " {'neg': 0.114, 'neu': 0.781, 'pos': 0.105, 'compound': -0.4035},\n",
       " {'neg': 0.0, 'neu': 0.943, 'pos': 0.057, 'compound': 0.3182},\n",
       " {'neg': 0.029, 'neu': 0.785, 'pos': 0.185, 'compound': 0.9441},\n",
       " {'neg': 0.07, 'neu': 0.758, 'pos': 0.172, 'compound': 0.9595},\n",
       " {'neg': 0.116, 'neu': 0.749, 'pos': 0.135, 'compound': 0.6623},\n",
       " {'neg': 0.191, 'neu': 0.713, 'pos': 0.096, 'compound': -0.9509},\n",
       " {'neg': 0.066, 'neu': 0.794, 'pos': 0.14, 'compound': 0.91},\n",
       " {'neg': 0.081, 'neu': 0.683, 'pos': 0.236, 'compound': 0.9961},\n",
       " {'neg': 0.0, 'neu': 0.796, 'pos': 0.204, 'compound': 0.9673},\n",
       " {'neg': 0.125, 'neu': 0.648, 'pos': 0.227, 'compound': 0.8519},\n",
       " {'neg': 0.084, 'neu': 0.837, 'pos': 0.08, 'compound': -0.1027},\n",
       " {'neg': 0.0, 'neu': 0.868, 'pos': 0.132, 'compound': 0.9325},\n",
       " {'neg': 0.075, 'neu': 0.774, 'pos': 0.151, 'compound': 0.9408},\n",
       " {'neg': 0.042, 'neu': 0.901, 'pos': 0.057, 'compound': 0.0644},\n",
       " {'neg': 0.109, 'neu': 0.656, 'pos': 0.235, 'compound': 0.978},\n",
       " {'neg': 0.11, 'neu': 0.724, 'pos': 0.165, 'compound': 0.636},\n",
       " {'neg': 0.27, 'neu': 0.525, 'pos': 0.205, 'compound': -0.9148},\n",
       " {'neg': 0.027, 'neu': 0.814, 'pos': 0.159, 'compound': 0.8847},\n",
       " {'neg': 0.069, 'neu': 0.807, 'pos': 0.124, 'compound': 0.8268},\n",
       " {'neg': 0.202, 'neu': 0.77, 'pos': 0.028, 'compound': -0.9371},\n",
       " {'neg': 0.019, 'neu': 0.845, 'pos': 0.136, 'compound': 0.9648},\n",
       " {'neg': 0.236, 'neu': 0.75, 'pos': 0.015, 'compound': -0.9773},\n",
       " {'neg': 0.049, 'neu': 0.845, 'pos': 0.106, 'compound': 0.6808},\n",
       " {'neg': 0.175, 'neu': 0.596, 'pos': 0.229, 'compound': 0.9473},\n",
       " {'neg': 0.156, 'neu': 0.567, 'pos': 0.276, 'compound': 0.9595},\n",
       " {'neg': 0.155, 'neu': 0.647, 'pos': 0.198, 'compound': 0.8012},\n",
       " {'neg': 0.046, 'neu': 0.795, 'pos': 0.159, 'compound': 0.9428},\n",
       " {'neg': 0.078, 'neu': 0.829, 'pos': 0.093, 'compound': 0.2263},\n",
       " {'neg': 0.037, 'neu': 0.877, 'pos': 0.086, 'compound': 0.8658},\n",
       " {'neg': 0.033, 'neu': 0.752, 'pos': 0.216, 'compound': 0.9686},\n",
       " {'neg': 0.109, 'neu': 0.863, 'pos': 0.028, 'compound': -0.9231},\n",
       " {'neg': 0.052, 'neu': 0.82, 'pos': 0.127, 'compound': 0.8931},\n",
       " {'neg': 0.111, 'neu': 0.787, 'pos': 0.102, 'compound': -0.524},\n",
       " {'neg': 0.03, 'neu': 0.699, 'pos': 0.271, 'compound': 0.9943},\n",
       " {'neg': 0.07, 'neu': 0.784, 'pos': 0.146, 'compound': 0.8122},\n",
       " {'neg': 0.0, 'neu': 0.949, 'pos': 0.051, 'compound': 0.3182},\n",
       " {'neg': 0.07, 'neu': 0.843, 'pos': 0.088, 'compound': -0.2263},\n",
       " {'neg': 0.034, 'neu': 0.771, 'pos': 0.195, 'compound': 0.9885},\n",
       " {'neg': 0.078, 'neu': 0.792, 'pos': 0.13, 'compound': 0.8294},\n",
       " {'neg': 0.111, 'neu': 0.8, 'pos': 0.089, 'compound': -0.7964},\n",
       " {'neg': 0.117, 'neu': 0.679, 'pos': 0.204, 'compound': 0.9479},\n",
       " {'neg': 0.017, 'neu': 0.726, 'pos': 0.256, 'compound': 0.9823},\n",
       " {'neg': 0.041, 'neu': 0.825, 'pos': 0.134, 'compound': 0.8777},\n",
       " {'neg': 0.008, 'neu': 0.854, 'pos': 0.139, 'compound': 0.9872},\n",
       " {'neg': 0.143, 'neu': 0.808, 'pos': 0.049, 'compound': -0.8951},\n",
       " {'neg': 0.153, 'neu': 0.796, 'pos': 0.05, 'compound': -0.9709},\n",
       " {'neg': 0.077, 'neu': 0.705, 'pos': 0.218, 'compound': 0.9753},\n",
       " {'neg': 0.178, 'neu': 0.673, 'pos': 0.149, 'compound': -0.8402},\n",
       " {'neg': 0.0, 'neu': 0.899, 'pos': 0.101, 'compound': 0.6597},\n",
       " {'neg': 0.039, 'neu': 0.723, 'pos': 0.238, 'compound': 0.9432},\n",
       " {'neg': 0.186, 'neu': 0.788, 'pos': 0.026, 'compound': -0.8793},\n",
       " {'neg': 0.141, 'neu': 0.701, 'pos': 0.158, 'compound': -0.3984},\n",
       " {'neg': 0.162, 'neu': 0.627, 'pos': 0.211, 'compound': 0.8732},\n",
       " {'neg': 0.236, 'neu': 0.648, 'pos': 0.116, 'compound': -0.9042},\n",
       " {'neg': 0.039, 'neu': 0.913, 'pos': 0.047, 'compound': 0.3604},\n",
       " {'neg': 0.059, 'neu': 0.718, 'pos': 0.223, 'compound': 0.9864},\n",
       " {'neg': 0.13, 'neu': 0.731, 'pos': 0.138, 'compound': -0.245},\n",
       " {'neg': 0.093, 'neu': 0.804, 'pos': 0.103, 'compound': 0.7972},\n",
       " {'neg': 0.07, 'neu': 0.783, 'pos': 0.147, 'compound': 0.9059},\n",
       " {'neg': 0.113, 'neu': 0.854, 'pos': 0.033, 'compound': -0.8934},\n",
       " {'neg': 0.076, 'neu': 0.78, 'pos': 0.143, 'compound': 0.8319},\n",
       " {'neg': 0.139, 'neu': 0.807, 'pos': 0.054, 'compound': -0.9422},\n",
       " {'neg': 0.249, 'neu': 0.603, 'pos': 0.148, 'compound': -0.9864},\n",
       " {'neg': 0.384, 'neu': 0.519, 'pos': 0.097, 'compound': -0.9951},\n",
       " {'neg': 0.058, 'neu': 0.731, 'pos': 0.211, 'compound': 0.992},\n",
       " {'neg': 0.099, 'neu': 0.76, 'pos': 0.141, 'compound': 0.5023},\n",
       " {'neg': 0.159, 'neu': 0.711, 'pos': 0.13, 'compound': -0.9175},\n",
       " {'neg': 0.042, 'neu': 0.926, 'pos': 0.032, 'compound': -0.2263},\n",
       " {'neg': 0.131, 'neu': 0.701, 'pos': 0.168, 'compound': 0.836},\n",
       " {'neg': 0.024, 'neu': 0.693, 'pos': 0.283, 'compound': 0.9715},\n",
       " {'neg': 0.047, 'neu': 0.898, 'pos': 0.055, 'compound': 0.2287},\n",
       " {'neg': 0.273, 'neu': 0.659, 'pos': 0.068, 'compound': -0.9705},\n",
       " {'neg': 0.082, 'neu': 0.719, 'pos': 0.199, 'compound': 0.9829},\n",
       " {'neg': 0.015, 'neu': 0.67, 'pos': 0.314, 'compound': 0.9953},\n",
       " {'neg': 0.079, 'neu': 0.855, 'pos': 0.066, 'compound': -0.3593},\n",
       " {'neg': 0.103, 'neu': 0.761, 'pos': 0.136, 'compound': 0.8336},\n",
       " {'neg': 0.129, 'neu': 0.723, 'pos': 0.148, 'compound': 0.431},\n",
       " {'neg': 0.176, 'neu': 0.745, 'pos': 0.079, 'compound': -0.9638},\n",
       " {'neg': 0.061, 'neu': 0.804, 'pos': 0.135, 'compound': 0.8724},\n",
       " {'neg': 0.084, 'neu': 0.842, 'pos': 0.074, 'compound': 0.2519},\n",
       " {'neg': 0.264, 'neu': 0.659, 'pos': 0.077, 'compound': -0.9779},\n",
       " {'neg': 0.103, 'neu': 0.72, 'pos': 0.178, 'compound': 0.9505},\n",
       " {'neg': 0.131, 'neu': 0.802, 'pos': 0.068, 'compound': -0.9197},\n",
       " {'neg': 0.225, 'neu': 0.653, 'pos': 0.122, 'compound': -0.9136},\n",
       " {'neg': 0.201, 'neu': 0.65, 'pos': 0.148, 'compound': -0.9287},\n",
       " {'neg': 0.054, 'neu': 0.883, 'pos': 0.063, 'compound': 0.3313},\n",
       " {'neg': 0.091, 'neu': 0.738, 'pos': 0.171, 'compound': 0.8622},\n",
       " {'neg': 0.103, 'neu': 0.813, 'pos': 0.084, 'compound': -0.7096},\n",
       " {'neg': 0.183, 'neu': 0.663, 'pos': 0.153, 'compound': -0.8751},\n",
       " {'neg': 0.0, 'neu': 0.866, 'pos': 0.134, 'compound': 0.9468},\n",
       " {'neg': 0.078, 'neu': 0.836, 'pos': 0.086, 'compound': 0.296},\n",
       " {'neg': 0.048, 'neu': 0.885, 'pos': 0.067, 'compound': -0.0516},\n",
       " {'neg': 0.227, 'neu': 0.654, 'pos': 0.119, 'compound': -0.9505},\n",
       " {'neg': 0.034, 'neu': 0.821, 'pos': 0.146, 'compound': 0.9485},\n",
       " {'neg': 0.134, 'neu': 0.745, 'pos': 0.122, 'compound': -0.34},\n",
       " {'neg': 0.065, 'neu': 0.673, 'pos': 0.263, 'compound': 0.9968},\n",
       " {'neg': 0.036, 'neu': 0.679, 'pos': 0.285, 'compound': 0.9861},\n",
       " {'neg': 0.138, 'neu': 0.757, 'pos': 0.105, 'compound': -0.6597},\n",
       " {'neg': 0.091, 'neu': 0.714, 'pos': 0.195, 'compound': 0.9248},\n",
       " {'neg': 0.095, 'neu': 0.759, 'pos': 0.146, 'compound': 0.8188},\n",
       " {'neg': 0.075, 'neu': 0.67, 'pos': 0.255, 'compound': 0.9841},\n",
       " {'neg': 0.014, 'neu': 0.853, 'pos': 0.134, 'compound': 0.9858},\n",
       " {'neg': 0.114, 'neu': 0.737, 'pos': 0.149, 'compound': 0.7896},\n",
       " {'neg': 0.094, 'neu': 0.8, 'pos': 0.106, 'compound': 0.0772},\n",
       " {'neg': 0.043, 'neu': 0.806, 'pos': 0.15, 'compound': 0.9447},\n",
       " {'neg': 0.064, 'neu': 0.85, 'pos': 0.086, 'compound': 0.7935},\n",
       " {'neg': 0.144, 'neu': 0.589, 'pos': 0.267, 'compound': 0.975},\n",
       " {'neg': 0.232, 'neu': 0.607, 'pos': 0.161, 'compound': -0.6486},\n",
       " {'neg': 0.146, 'neu': 0.746, 'pos': 0.108, 'compound': -0.8439},\n",
       " {'neg': 0.111, 'neu': 0.741, 'pos': 0.148, 'compound': 0.3182},\n",
       " {'neg': 0.133, 'neu': 0.766, 'pos': 0.101, 'compound': -0.4181},\n",
       " {'neg': 0.0, 'neu': 0.924, 'pos': 0.076, 'compound': 0.8016},\n",
       " {'neg': 0.12, 'neu': 0.615, 'pos': 0.265, 'compound': 0.9889},\n",
       " {'neg': 0.084, 'neu': 0.797, 'pos': 0.119, 'compound': 0.6542},\n",
       " {'neg': 0.039, 'neu': 0.934, 'pos': 0.027, 'compound': -0.7269},\n",
       " {'neg': 0.082, 'neu': 0.853, 'pos': 0.065, 'compound': -0.0258},\n",
       " {'neg': 0.095, 'neu': 0.845, 'pos': 0.06, 'compound': -0.8658},\n",
       " {'neg': 0.0, 'neu': 0.91, 'pos': 0.09, 'compound': 0.765},\n",
       " {'neg': 0.038, 'neu': 0.746, 'pos': 0.216, 'compound': 0.9955},\n",
       " {'neg': 0.148, 'neu': 0.668, 'pos': 0.184, 'compound': 0.8329},\n",
       " {'neg': 0.067, 'neu': 0.854, 'pos': 0.079, 'compound': 0.34},\n",
       " {'neg': 0.092, 'neu': 0.73, 'pos': 0.178, 'compound': 0.8625},\n",
       " {'neg': 0.269, 'neu': 0.647, 'pos': 0.084, 'compound': -0.9913},\n",
       " {'neg': 0.216, 'neu': 0.647, 'pos': 0.137, 'compound': -0.9411},\n",
       " {'neg': 0.073, 'neu': 0.897, 'pos': 0.03, 'compound': -0.7897},\n",
       " {'neg': 0.168, 'neu': 0.701, 'pos': 0.132, 'compound': -0.9509},\n",
       " {'neg': 0.089, 'neu': 0.859, 'pos': 0.052, 'compound': -0.3631},\n",
       " {'neg': 0.083, 'neu': 0.697, 'pos': 0.22, 'compound': 0.886},\n",
       " {'neg': 0.097, 'neu': 0.795, 'pos': 0.108, 'compound': -0.0699},\n",
       " {'neg': 0.05, 'neu': 0.819, 'pos': 0.132, 'compound': 0.8735},\n",
       " {'neg': 0.09, 'neu': 0.803, 'pos': 0.107, 'compound': 0.4754},\n",
       " {'neg': 0.079, 'neu': 0.756, 'pos': 0.165, 'compound': 0.9368},\n",
       " {'neg': 0.134, 'neu': 0.742, 'pos': 0.124, 'compound': 0.4854},\n",
       " {'neg': 0.084, 'neu': 0.782, 'pos': 0.134, 'compound': 0.8216},\n",
       " {'neg': 0.164, 'neu': 0.652, 'pos': 0.185, 'compound': 0.1531},\n",
       " {'neg': 0.076, 'neu': 0.777, 'pos': 0.146, 'compound': 0.5267},\n",
       " {'neg': 0.075, 'neu': 0.827, 'pos': 0.097, 'compound': 0.5106},\n",
       " {'neg': 0.019, 'neu': 0.929, 'pos': 0.051, 'compound': 0.4149},\n",
       " {'neg': 0.045, 'neu': 0.717, 'pos': 0.238, 'compound': 0.9961},\n",
       " {'neg': 0.096, 'neu': 0.693, 'pos': 0.211, 'compound': 0.8126},\n",
       " {'neg': 0.052, 'neu': 0.773, 'pos': 0.176, 'compound': 0.9371},\n",
       " {'neg': 0.041, 'neu': 0.75, 'pos': 0.209, 'compound': 0.9874},\n",
       " {'neg': 0.088, 'neu': 0.761, 'pos': 0.151, 'compound': 0.6808},\n",
       " {'neg': 0.078, 'neu': 0.776, 'pos': 0.147, 'compound': 0.9413},\n",
       " {'neg': 0.112, 'neu': 0.804, 'pos': 0.084, 'compound': -0.7271},\n",
